# Created by Octave 3.6.2, Tue Apr 07 15:22:27 2015 CEST <lars@lars-adi-laptop>
# name: hpf
# type: matrix
# rows: 513
# columns: 1
 3.125005230091648e-06
 1.272922340541526e-05
 2.228713693195711e-05
 3.167779216011667e-05
 4.077961244411042e-05
 4.947137642943441e-05
 5.763325048199676e-05
 6.514788075089597e-05
 7.190154838608252e-05
 7.778538895546582e-05
 8.269667417994694e-05
 8.654015080185192e-05
 8.922942780916198e-05
 9.068839945428162e-05
 9.08526876417122e-05
 8.967108343167956e-05
 8.710696373934456e-05
 8.31396559266987e-05
 7.776572001057323e-05
 7.10001157651276e-05
 6.287722019308129e-05
 5.345165977858958e-05
 4.279892170430391e-05
 3.101570888773e-05
 1.822000532066107e-05
 4.550820812408257e-06
 -9.832412147642556e-06
 -2.475081209436057e-05
 -4.000741000162233e-05
 -5.538890912794365e-05
 -7.066784679851554e-05
 -8.560515373469779e-05
 -9.99530981024648e-05
 -0.0001134585926214486
 -0.0001258668340284109
 -0.0001369252351103039
 -0.0001463876006107109
 -0.0001540184897749483
 -0.0001595977003420989
 -0.0001629248016241761
 -0.0001638236381350631
 -0.0001621467202360717
 -0.0001577794146271059
 -0.0001506438453893505
 -0.000140702415810303
 -0.0001279608625005721
 -0.0001124707564189372
 -9.433137039859016e-05
 -7.369083961788524e-05
 -5.074655014992576e-05
 -2.574470118459376e-05
 1.021001367446387e-06
 2.921154855695993e-05
 5.844574309182635e-05
 8.83042227368199e-05
 0.0001183343732310121
 0.0001480560941027056
 0.00017696836307978
 0.0002045565271902877
 0.0002303002314649907
 0.0002536818797387624
 0.0002741955067508388
 0.0002913559269085423
 0.0003047080130365351
 0.0003138359484954938
 0.0003183722885058195
 0.0003180066616061862
 0.0003124939401271251
 0.0003016617095355854
 0.0002854168706271628
 0.000263751215874352
 0.0002367458317905825
 0.0002045741928902602
 0.0001675038296030595
 0.0001258964721636327
 8.02065948128383e-05
 3.097830932236822e-05
 -2.115941645489572e-05
 -7.549921099837507e-05
 -0.0001312633890032865
 -0.0001876136150627972
 -0.0002436620471188746
 -0.0002984838356482688
 -0.0003511308254522837
 -0.0004006462792827283
 -0.0004460804169125378
 -0.000486506540183834
 -0.0005210374945492769
 -0.0005488422011396879
 -0.0005691619808723867
 -0.0005813263839361632
 -0.0005847682344632428
 -0.0005790376015678585
 -0.0005638144143596582
 -0.0005389194501093796
 -0.0005043234414478701
 -0.0004601540702210987
 -0.0004067006422150833
 -0.0003444162681259722
 -0.0002739174115124618
 -0.0001959807035748319
 -0.0001115369669204825
 -2.166243538897479e-05
 7.243279615690694e-05
 0.0001694190101474898
 0.0002678636623760837
 0.0003662505574471283
 0.0004630011784455728
 0.000556497900968934
 0.0006451087798755067
 0.0007272135590392522
 0.0008012305208387391
 0.000865643763768108
 0.0009190304741012456
 0.0009600877415469292
 0.0009876584597926978
 0.001000755851137096
 0.0009985861603306616
 0.0009805690764431024
 0.0009463554630791427
 0.0008958420064800135
 0.000829182427740599
 0.000746794949180355
 0.0006493657553356397
 0.0005378482454722772
 0.0004134579362112905
 0.000277662938968418
 0.0001321700064808016
 -2.109378530311862e-05
 -0.0001800035803687027
 -0.0003422632977266256
 -0.0005054359129148229
 -0.0006669771101848824
 -0.0008242718829334016
 -0.0009746735978983282
 -0.001115544982429431
 -0.001244300444855416
 -0.001358449096621753
 -0.001455637812376969
 -0.00153369364133737
 -0.00159066487072372
 -0.00162486004035257
 -0.00163488421693376
 -0.001619671857457259
 -0.001578515623252026
 -0.001511090549689093
 -0.001417473030717752
 -0.001298154141920757
 -0.001154046899825392
 -0.0009864871379123442
 -0.0007972277700615966
 -0.0005884263088514231
 -0.0003626256078366379
 -0.0001227279022125844
 0.0001280376704367039
 0.0003861537799360087
 0.0006478594481216446
 0.0009091999291447866
 0.001166081327714818
 0.001414329265246448
 0.001649750819594216
 0.001868198889304729
 0.002065638069512015
 0.002238211075031133
 0.00238230470799775
 0.00249461434350539
 0.002572205897856948
 0.002612574250807783
 0.002613697115840601
 0.002574083391145649
 0.002492815078407197
 0.002369581926295045
 0.002204708040057977
 0.001999169796903386
 0.001754604517780124
 0.00147330946839616
 0.001158230894232211
 0.0008129429342058163
 0.0004416164035860973
 4.897758671114303e-05
 -0.0003597426681351423
 -0.0007788691078999633
 -0.00120235089542199
 -0.001623838355148398
 -0.002036766770808102
 -0.002434446234645613
 -0.0028101564320049
 -0.003157245142691349
 -0.003469229153445804
 -0.003739896205660857
 -0.003963406550560174
 -0.004134392651607886
 -0.004248055561811812
 -0.004300256512443262
 -0.004287602279830854
 -0.004207522948301982
 -0.004058340759735648
 -0.003839328832932692
 -0.003550758648172448
 -0.003193935322674972
 -0.002771219849704404
 -0.002286037635939587
 -0.001742872846463814
 -0.00114724825202435
 -0.0005056904666314446
 0.0001743193375068106
 0.0008844089490174293
 0.001615392380013163
 0.002357360183266049
 0.00309978194183994
 0.003831619864751356
 0.004541452249209853
 0.005217605410943741
 0.005848292541506266
 0.006421757827543688
 0.006926424063816506
 0.00735104191105742
 0.007684838892986746
 0.007917666195128625
 0.008040141322278479
 0.008043784692005907
 0.007921148288511141
 0.007665934574189153
 0.007273103954721745
 0.006738969216376796
 0.006061275500050979
 0.005239264543715391
 0.004273722111261321
 0.003167007728954381
 0.001923066068186815
 0.0005474195421422539
 -0.0009528580786604669
 -0.002569186984358145
 -0.004291545285057392
 -0.006108551075948811
 -0.008007561834025704
 -0.009974790141468893
 -0.01199543451114901
 -0.01405382388429277
 -0.01613357418205645
 -0.01821775512422723
 -0.02028906538195169
 -0.02233001400939951
 -0.02432310600341163
 -0.02625102977190857
 -0.0280968442522217
 -0.02984416341024535
 -0.03147733587067356
 -0.03298161747745753
 -0.03434333466146606
 -0.03555003659821667
 -0.03659063427114725
 -0.03745552471351821
 -0.0381366988826302
 -0.03862783182124412
 -0.03892435398024356
 0.960978170818749
 -0.03892435398024355
 -0.03862783182124412
 -0.0381366988826302
 -0.03745552471351822
 -0.03659063427114725
 -0.03555003659821667
 -0.03434333466146606
 -0.03298161747745753
 -0.03147733587067356
 -0.02984416341024535
 -0.0280968442522217
 -0.02625102977190857
 -0.02432310600341163
 -0.02233001400939951
 -0.0202890653819517
 -0.01821775512422723
 -0.01613357418205645
 -0.01405382388429278
 -0.01199543451114901
 -0.009974790141468893
 -0.008007561834025706
 -0.006108551075948813
 -0.004291545285057393
 -0.002569186984358146
 -0.0009528580786604681
 0.0005474195421422553
 0.001923066068186814
 0.003167007728954382
 0.004273722111261321
 0.00523926454371539
 0.006061275500050979
 0.006738969216376797
 0.007273103954721746
 0.007665934574189151
 0.007921148288511145
 0.008043784692005911
 0.008040141322278481
 0.007917666195128624
 0.007684838892986746
 0.00735104191105742
 0.006926424063816509
 0.00642175782754369
 0.005848292541506266
 0.005217605410943741
 0.004541452249209852
 0.003831619864751356
 0.00309978194183994
 0.002357360183266048
 0.001615392380013164
 0.0008844089490174289
 0.0001743193375068114
 -0.0005056904666314445
 -0.001147248252024348
 -0.001742872846463813
 -0.002286037635939588
 -0.002771219849704404
 -0.003193935322674973
 -0.003550758648172445
 -0.003839328832932695
 -0.004058340759735646
 -0.004207522948301984
 -0.004287602279830852
 -0.00430025651244326
 -0.004248055561811813
 -0.004134392651607885
 -0.003963406550560174
 -0.003739896205660857
 -0.003469229153445805
 -0.003157245142691347
 -0.002810156432004902
 -0.002434446234645613
 -0.002036766770808102
 -0.001623838355148398
 -0.001202350895421991
 -0.0007788691078999633
 -0.0003597426681351431
 4.897758671114329e-05
 0.0004416164035860963
 0.0008129429342058163
 0.001158230894232211
 0.001473309468396159
 0.001754604517780124
 0.001999169796903387
 0.002204708040057977
 0.002369581926295047
 0.002492815078407196
 0.002574083391145648
 0.0026136971158406
 0.002612574250807783
