# Created by Octave 3.6.2, Tue Apr 07 15:22:27 2015 CEST <lars@lars-adi-laptop>
# name: lpf
# type: matrix
# rows: 1024
# columns: 1
 -7.666439125225637e-05
 -7.664080993357279e-05
 -7.660194154839633e-05
 -7.654773484510025e-05
 -7.647810768370583e-05
 -7.639294714071298e-05
 -7.629210965122736e-05
 -7.617542118829036e-05
 -7.604267747930242e-05
 -7.589364425940045e-05
 -7.572805756163156e-05
 -7.554562404373738e-05
 -7.534602135134586e-05
 -7.512889851733762e-05
 -7.489387639713724e-05
 -7.464054813965097e-05
 -7.436847969355525e-05
 -7.407721034861156e-05
 -7.376625331166557e-05
 -7.343509631696278e-05
 -7.308320227039018e-05
 -7.271000992723407e-05
 -7.231493460301714e-05
 -7.189736891696002e-05
 -7.145668356758737e-05
 -7.09922281399789e-05
 -7.050333194414127e-05
 -6.998930488395795e-05
 -6.944943835615047e-05
 -6.888300617866528e-05
 -6.82892655478753e-05
 -6.766745802396996e-05
 -6.701681054388235e-05
 -6.633653646108242e-05
 -6.562583661154623e-05
 -6.488390040518979e-05
 -6.410990694203671e-05
 -6.330302615236857e-05
 -6.246241996008887e-05
 -6.158724346850938e-05
 -6.067664616775467e-05
 -5.972977316295267e-05
 -5.874576642237135e-05
 -5.772376604463534e-05
 -5.666291154414286e-05
 -5.556234315378477e-05
 -5.442120314405009e-05
 -5.323863715758696e-05
 -5.201379555826929e-05
 -5.074583479380625e-05
 -4.943391877091438e-05
 -4.807722024205588e-05
 -4.667492220273466e-05
 -4.522621929832537e-05
 -4.373031923939543e-05
 -4.2186444224471e-05
 -4.059383236917738e-05
 -3.89517391406815e-05
 -3.725943879634016e-05
 -3.55162258254575e-05
 -3.372141639303509e-05
 -3.187434978439278e-05
 -2.997438984952531e-05
 -2.802092644604967e-05
 -2.60133768795939e-05
 -2.395118734046102e-05
 -2.183383433540162e-05
 -1.966082611331676e-05
 -1.743170408370795e-05
 -1.514604422668107e-05
 -1.280345849331294e-05
 -1.040359619517417e-05
 -7.946145381805854e-06
 -5.430834204940576e-06
 -2.857432268253136e-06
 -2.257519614277837e-07
 2.464350222675652e-06
 5.212972388974637e-06
 8.020165960454412e-06
 1.088593441901469e-05
 1.381023206808761e-05
 1.679296281824601e-05
 1.983397899701165e-05
 2.293308018407477e-05
 2.6090012073131e-05
 2.930446536153502e-05
 3.257607466896927e-05
 3.590441748631437e-05
 3.928901315590509e-05
 4.272932188434459e-05
 4.622474378904549e-05
 4.977461797965051e-05
 5.337822167548099e-05
 5.703476936014647e-05
 6.074341197444035e-05
 6.450323614862835e-05
 6.831326347522968e-05
 7.217244982336969e-05
 7.607968469577301e-05
 8.003379062944739e-05
 8.403352264108949e-05
 8.807756771823076e-05
 9.216454435711964e-05
 9.629300214831685e-05
 0.0001004614214109609
 0.0001046682128766397
 0.0001089117174237819
 0.0001131902058634574
 0.0001175018787774562
 0.0001218448664094851
 0.0001262172286102983
 0.000130616954837557
 0.000135041964211174
 0.0001394901056248835
 0.0001439591579147406
 0.0001484468300852254
 0.0001529507615935998
 0.0001574685226931326
 0.0001619976148357708
 0.0001665354711348129
 0.0001710794568880961
 0.000175626870162181
 0.0001801749424379815
 0.0001847208393182481
 0.0001892616612972807
 0.0001937944445932092
 0.0001983161620431376
 0.0002028237240614151
 0.0002073139796612543
 0.000211783717539876
 0.0002162296672273251
 0.0002206485002990527
 0.0002250368316523253
 0.0002293912208464744
 0.0002337081735069605
 0.0002379841427931786
 0.0002422155309298929
 0.0002463986908021387
 0.0002505299276133899
 0.0002546055006067404
 0.0002586216248488068
 0.0002625744730760084
 0.0002664601776028395
 0.0002702748322916994
 0.0002740144945837958
 0.0002776751875905976
 0.000281252902245258
 0.000284743599513383
 0.0002881432126624766
 0.0002914476495893406
 0.0002946527952046598
 0.0002977545138739596
 0.0003007486519140663
 0.0003036310401441605
 0.0003063974964904614
 0.0003090438286435289
 0.0003115658367671298
 0.000313959316257558
 0.0003162200605522556
 0.0003183438639865323
 0.0003203265246971343
 0.0003221638475713638
 0.0003238516472404054
 0.0003253857511154688
 0.0003267620024653101
 0.0003279762635336478
 0.0003290244186949463
 0.0003299023776469888
 0.0003306060786386288
 0.0003311314917310477
 0.0003314746220908206
 0.0003316315133130395
 0.0003315982507726998
 0.000331370965002523
 0.0003309458350953385
 0.0003303190921291142
 0.0003294870226126844
 0.0003284459719501812
 0.0003271923479221478
 0.0003257226241812644
 0.0003240333437605909
 0.0003221211225921913
 0.000319982653033973
 0.0003176147074025418
 0.000315014141509841
 0.0003121778982013146
 0.0003091030108933058
 0.0003057866071073704
 0.0003022259119991643
 0.0002984182518795363
 0.0002943610577254282
 0.000290051868678175
 0.000285488335526761
 0.0002806682241735797
 0.0002755894190802226
 0.0002702499266908029
 0.0002646478788303118
 0.0002587815360754806
 0.0002526492910956231
 0.0002462496719609062
 0.0002395813454155062
 0.0002326431201130793
 0.0002254339498119898
 0.0002179529365277201
 0.0002101993336398923
 0.0002021725489513284
 0.0001938721476965728
 0.0001852978554973135
 0.0001764495612621316
 0.0001673273200280232
 0.0001579313557411397
 0.0001482620639742112
 0.0001383200145781157
 0.0001281059542650866
 0.0001176208091210515
 0.0001068656870446235
 9.584188011027968e-05
 8.455086685328201e-05
 7.299431447392405e-05
 6.11740809587053e-05
 4.909221711606461e-05
 3.675096852433416e-05
 2.41527773896019e-05
 1.130028431120453e-05
 -1.803670047387048e-06
 -1.515604338450846e-05
 -2.875359028522502e-05
 -4.25928608473799e-05
 -5.667019941084606e-05
 -7.098174339203329e-05
 -8.552342222564616e-05
 -0.0001002909564156497
 -0.0001152798566973419
 -0.000130485423312391
 -0.0001459027453986369
 -0.0001615267004963995
 -0.0001773519541729955
 -0.0001933729597670833
 -0.0002095839582544219
 -0.0002259789782365526
 -0.0002425518360538524
 -0.0002592961360243488
 -0.000276205270809619
 -0.0002932724219090211
 -0.0003104905602834502
 -0.0003278524471097271
 -0.0003453506346666702
 -0.0003629774673538175
 -0.0003807250828436909
 -0.000398585413368433
 -0.0004165501871415522
 -0.0004346109299154421
 -0.0004527589666752642
 -0.0004709854234696974
 -0.0004892812293789796
 -0.0005076371186205769
 -0.0005260436327927453
 -0.0005444911232561525
 -0.000562969753653648
 -0.0005814695025681823
 -0.0005999801663187858
 -0.0006184913618944371
 -0.0006369925300255543
 -0.0006554729383927542
 -0.0006739216849724398
 -0.0006923277015186845
 -0.0007106797571807786
 -0.0007289664622557363
 -0.0007471762720749435
 -0.0007652974910240519
 -0.0007833182766951286
 -0.000801226644169974
 -0.0008190104704334322
 -0.00083665749891542
 -0.0008541553441603262
 -0.0008714914966223039
 -0.0008886533275849289
 -0.0009056280942035765
 -0.0009224029446687823
 -0.0009389649234887717
 -0.0009553009768892375
 -0.0009713979583283654
 -0.0009872426341250113
 -0.001002821689197845
 -0.001018121732913189
 -0.001033129305039185
 -0.001047830881803857
 -0.001062212882054512
 -0.001076261673515871
 -0.001089963579144232
 -0.001103304883574856
 -0.001116271839659731
 -0.001128850675092736
 -0.001141027599119194
 -0.001152788809326694
 -0.001164120498513996
 -0.001175008861634751
 -0.001185440102812716
 -0.001195400442425033
 -0.001204876124250101
 -0.001213853422676495
 -0.001222318649969311
 -0.001230258163590246
 -0.001237658373567686
 -0.00124450574991297
 -0.001250786830078976
 -0.001256488226457108
 -0.001261596633908681
 -0.001266098837326689
 -0.00126998171922386
 -0.001273232267342867
 -0.001275837582284506
 -0.001277784885149614
 -0.001279061525190474
 -0.001279654987467369
 -0.001279552900505973
 -0.001278743043951172
 -0.001277213356212915
 -0.001274951942099657
 -0.001271947080434913
 -0.001268187231652445
 -0.001263661045365559
 -0.001258357367905981
 -0.001252265249827775
 -0.00124537395337172
 -0.0012376729598856
 -0.001229151977195814
 -0.001219800946925719
 -0.001209610051756147
 -0.001198569722623476
 -0.001186670645850714
 -0.001173903770206997
 -0.001160260313890957
 -0.001145731771433408
 -0.001130309920514814
 -0.001113986828693038
 -0.001096754860036874
